----------------------------------------------------------------------------
CrystalDiskInfo 9.9.1 (C) 2008-2026 hiyohiyo
                                Crystal Dew World: https://crystalmark.info/
----------------------------------------------------------------------------

    OS : Windows 11 Pro 25H2 [10.0 Build 26200] (x64)
  Date : 2026/07/13 12:59:56

-- Controller Map ----------------------------------------------------------
 + Ελεγκτής Standard SATA AHCI [ATA]
   - TSSTcorp CDDVDW SU-208BB
   - Patriot Burst Elite 240GB
 - Ελεγκτής χώρων αποθήκευσης Microsoft [SCSI]

-- Disk List ---------------------------------------------------------------
 (01) Patriot Burst Elite 240GB : 240,0 GB [0/0/0, pd1] - re

----------------------------------------------------------------------------
 (01) Patriot Burst Elite 240GB
----------------------------------------------------------------------------
           Model : Patriot Burst Elite 240GB
        Firmware : VG01100V
   Serial Number : PBEZCBB25103141334
       Disk Size : 240,0 GB (8,4/137,4/240,0/240,0)
     Buffer Size : Άγνωστο
     Queue Depth : 32
    # of Sectors : 468862128
   Rotation Rate : ---- (SSD)
       Interface : Serial ATA
   Major Version : ACS-3
   Minor Version : ATA8-ACS version 6
   Transfer Mode : SATA/600 | SATA/600
  Power On Hours : 1 ώρες
  Power On Count : 2 μονάδες
      Host Reads : 129 GB
     Host Writes : 92 GB
     NAND Writes : 26 GB
     Temperature : 40 C (104 F)
   Health Status : Καλή (100 %)
        Features : S.M.A.R.T., NCQ, TRIM, GPL
       APM Level : ----
       AAM Level : ----
    Drive Letter : C:

-- S.M.A.R.T. --------------------------------------------------------------
ID Cur Wor Thr RawValues(6) Attribute Name
01 100 100 _50 000000000000 Raw data error rate
05 100 100 _10 000000000000 Reallocated sector count
09 100 100 __0 000000000001 Power on hour count
0C 100 100 __0 000000000002 Power cycle count
A1 100 100 _50 000000000000 GDN
A2 100 100 __0 00000000005A Total erase count
A3 100 100 __0 000000000BB8 Max PE cycle
A4 100 100 __0 000000000000 Average erase count
A6 100 100 __0 000000000016 Total bad block count
A7 100 100 __0 000000000000 SSD protect mode
A8 100 100 __0 000000000000 SATA Phy error count
A9 100 100 __0 000000000064 Health
AB 100 100 __0 000000000000 Program fail count
AC 100 100 __0 000000000000 Erase fail count
AE 100 100 __0 000000000001 Unexpected power loss count
AF 100 100 __0 000000000000 ECC fail count
BB 100 100 __0 000000000000 Reported uncorrectable error
C2 100 100 __0 000000000028 Enclosure temperature
C3 100 100 __0 000000000001 Cumulative corrected ecc
C4 100 100 __0 000000000000 Reallocation event count
C7 100 100 __0 000000000000 Ultra DMA CRC error count
CE 100 100 __0 000000000000 Min. erase count
CF 100 100 __0 000000000001 Max erase count
E8 100 100 __0 000000000064 Available reserved space
F1 100 100 __0 00000000005C Write life time
F2 100 100 __0 000000000081 Read life time
F9 100 100 __0 000000000002 Total GB written to NAND (TLC)
FA 100 100 __0 00000000001A Total GB written to NAND (SLC)

-- IDENTIFY_DEVICE ---------------------------------------------------------
        0    1    2    3    4    5    6    7    8    9
000: 0440 3FFF C837 0010 0000 0000 003F 0000 0000 0000
010: 5042 455A 4342 4232 3531 3033 3134 3133 3334 2020
020: 0000 0000 0000 5647 3031 3130 3056 5061 7472 696F
030: 7420 4275 7273 7420 456C 6974 6520 3234 3047 4220
040: 2020 2020 2020 2020 2020 2020 2020 8010 4000 2F00
050: 4001 0000 0000 0007 3FFF 0010 003F FC10 00FB 0101
060: FFFF 0FFF 0000 0007 0003 0078 0078 0078 0078 4D08
070: 0000 0000 0000 0000 0000 001F C50E 0086 0044 0040
080: 07F0 0028 746B 7401 4163 7029 B401 4163 407F 8001
090: 000A 00FE 0000 0000 0000 0000 0000 0000 0000 0000
100: 44B0 1BF2 0000 0000 0000 0008 4000 0000 0000 0000
110: 0000 0000 0000 0000 0000 0000 0000 0000 0000 401C
120: 401C 0000 0000 0000 0000 0000 0000 0000 0029 5245
130: 414C 5445 4B5F 524C 3639 3330 5647 3031 3130 3056
140: 5F70 5F74 4833 5137 5637 2E34 0002 0080 0000 300F
150: 00A0 0202 0000 0404 0000 0000 0000 0000 1400 000B
160: 0000 0000 0000 0000 0000 0000 0000 0000 0003 0001
170: 0000 0000 0000 0000 0000 0000 0000 0000 0000 0000
180: 0000 0000 0000 0000 0000 0000 0000 0000 0000 0000
190: 0000 0000 0000 0000 0000 0000 0000 0000 0000 0000
200: 0000 0000 0000 0000 0000 0000 0000 0000 0000 4000
210: 0000 0000 0000 0001 0000 0000 0000 0001 0000 0000
220: 0000 0000 103F 0000 0000 0000 0000 0000 0000 0000
230: 44B0 1BF2 0000 0000 0001 0100 0000 0000 0000 0000
240: 0000 0000 0000 0000 0000 0000 EAA5 0000 0000 0000
250: 0000 0000 0000 0000 0000 5CA5

-- SMART_READ_DATA ---------------------------------------------------------
     +0 +1 +2 +3 +4 +5 +6 +7 +8 +9 +A +B +C +D +E +F
000: 0A 00 01 2F 00 64 64 00 00 00 00 00 00 32 05 33
010: 00 64 64 00 00 00 00 00 00 0A 09 32 00 64 64 01
020: 00 00 00 00 00 00 0C 32 00 64 64 02 00 00 00 00
030: 00 00 A1 32 00 64 64 00 00 00 00 00 00 00 A2 32
040: 00 64 64 5A 00 00 00 00 00 00 A3 32 00 64 64 B8
050: 0B 00 00 00 00 00 A4 32 00 64 64 00 00 00 00 00
060: 00 00 A6 32 00 64 64 16 00 00 00 00 00 00 A7 32
070: 00 64 64 00 00 00 00 00 00 00 A8 32 00 64 64 00
080: 00 00 00 00 00 00 A9 32 00 64 64 64 00 00 00 00
090: 00 00 AB 32 00 64 64 00 00 00 00 00 00 00 AC 32
0A0: 00 64 64 00 00 00 00 00 00 00 AE 32 00 64 64 01
0B0: 00 00 00 00 00 00 AF 32 00 64 64 00 00 00 00 00
0C0: 00 00 BB 32 00 64 64 00 00 00 00 00 00 00 C2 22
0D0: 00 64 64 28 00 00 00 00 00 00 C3 3A 00 64 64 01
0E0: 00 00 00 00 00 00 C4 32 00 64 64 00 00 00 00 00
0F0: 00 00 C7 32 00 64 64 00 00 00 00 00 00 00 CE 32
100: 00 64 64 00 00 00 00 00 00 00 CF 32 00 64 64 01
110: 00 00 00 00 00 00 E8 32 00 64 64 64 00 00 00 00
120: 00 00 F1 32 00 64 64 5C 00 00 00 00 00 00 F2 32
130: 00 64 64 81 00 00 00 00 00 00 F9 32 00 64 64 02
140: 00 00 00 00 00 00 FA 32 00 64 64 1A 00 00 00 00
150: 00 00 00 00 00 00 00 00 00 00 00 00 00 00 00 00
160: 00 00 00 00 00 00 00 00 00 00 00 00 01 00 00 59
170: 02 00 01 00 01 02 00 00 00 00 00 00 00 00 00 00
180: 00 00 00 00 00 00 00 00 00 00 00 00 00 00 00 00
190: 00 00 00 00 00 00 00 00 00 00 00 00 00 00 00 00
1A0: 00 00 00 00 00 00 00 00 00 00 00 00 00 00 00 00
1B0: 00 00 00 00 00 00 00 00 00 00 00 00 00 00 00 00
1C0: 00 00 00 00 00 00 00 00 00 00 00 00 00 00 00 00
1D0: 00 00 00 00 00 00 00 00 00 00 00 00 00 00 00 00
1E0: 00 00 00 00 00 00 00 00 00 00 00 00 00 00 00 00
1F0: 00 00 00 00 00 00 00 00 00 00 00 00 00 00 00 CD

-- SMART_READ_THRESHOLD ----------------------------------------------------
     +0 +1 +2 +3 +4 +5 +6 +7 +8 +9 +A +B +C +D +E +F
000: 0A 00 01 32 00 00 00 00 00 00 00 00 00 00 05 0A
010: 00 00 00 00 00 00 00 00 00 00 09 00 00 00 00 00
020: 00 00 00 00 00 00 0C 00 00 00 00 00 00 00 00 00
030: 00 00 A1 32 00 00 00 00 00 00 00 00 00 00 A2 00
040: 00 00 00 00 00 00 00 00 00 00 A3 00 00 00 00 00
050: 00 00 00 00 00 00 A4 00 00 00 00 00 00 00 00 00
060: 00 00 A6 00 00 00 00 00 00 00 00 00 00 00 A7 00
070: 00 00 00 00 00 00 00 00 00 00 A8 00 00 00 00 00
080: 00 00 00 00 00 00 A9 00 00 00 00 00 00 00 00 00
090: 00 00 AB 00 00 00 00 00 00 00 00 00 00 00 AC 00
0A0: 00 00 00 00 00 00 00 00 00 00 AE 00 00 00 00 00
0B0: 00 00 00 00 00 00 AF 00 00 00 00 00 00 00 00 00
0C0: 00 00 B5 00 00 00 00 00 00 00 00 00 00 00 BB 00
0D0: 00 00 00 00 00 00 00 00 00 00 C2 00 00 00 00 00
0E0: 00 00 00 00 00 00 C3 00 00 00 00 00 00 00 00 00
0F0: 00 00 C4 00 00 00 00 00 00 00 00 00 00 00 C7 00
100: 00 00 00 00 00 00 00 00 00 00 CE 00 00 00 00 00
110: 00 00 00 00 00 00 CF 00 00 00 00 00 00 00 00 00
120: 00 00 E8 00 00 00 00 00 00 00 00 00 00 00 F1 00
130: 00 00 00 00 00 00 00 00 00 00 F2 00 00 00 00 00
140: 00 00 00 00 00 00 F9 00 00 00 00 00 00 00 00 00
150: 00 00 FA 00 00 00 00 00 00 00 00 00 00 00 00 00
160: 00 00 00 00 00 00 00 00 00 00 00 00 00 00 00 00
170: 00 00 00 00 00 00 00 00 00 00 00 00 00 00 00 00
180: 00 00 00 00 00 00 00 00 00 00 00 00 00 00 00 00
190: 00 00 00 00 00 00 00 00 00 00 00 00 00 00 00 00
1A0: 00 00 00 00 00 00 00 00 00 00 00 00 00 00 00 00
1B0: 00 00 00 00 00 00 00 00 00 00 00 00 00 00 00 00
1C0: 00 00 00 00 00 00 00 00 00 00 00 00 00 00 00 00
1D0: 00 00 00 00 00 00 00 00 00 00 00 00 00 00 00 00
1E0: 00 00 00 00 00 00 00 00 00 00 00 00 00 00 00 00
1F0: 00 00 00 00 00 00 00 00 00 00 00 00 00 00 00 B6

