----------------------------------------------------------------------------
CrystalDiskInfo 9.9.1 (C) 2008-2026 hiyohiyo
                                Crystal Dew World: https://crystalmark.info/
----------------------------------------------------------------------------

    OS : Windows 11 Pro 25H2 [10.0 Build 26200] (x64)
  Date : 2026/07/13 11:31:11

-- Controller Map ----------------------------------------------------------
 - Microsoft Storage Spaces Controller [SCSI]
 + Standard NVM Express Controller [SCSI]
   - WD PC SN740 SDDPMQD-512G-1101

-- Disk List ---------------------------------------------------------------
 (01) WD PC SN740 SDDPMQD-512G-1101 : 512.1 GB [0/0/0, sq] - nv

----------------------------------------------------------------------------
 (01) WD PC SN740 SDDPMQD-512G-1101
----------------------------------------------------------------------------
           Model : WD PC SN740 SDDPMQD-512G-1101
        Firmware : 73110001
   Serial Number : 22505B801564
       Disk Size : 512.1 GB
       Interface : NVM Express
        Standard : NVM Express 1.4
   Transfer Mode : PCIe 4.0 x4 | PCIe 4.0 x4
  Power On Hours : 689 hours
  Power On Count : 21167 count
      Host Reads : 26498 GB
     Host Writes : 20985 GB
     Temperature : 42 C (107 F)
   Health Status : Good (98 %)
        Features : S.M.A.R.T., TRIM, VolatileWriteCache
    Drive Letter : C: D:

-- S.M.A.R.T. --------------------------------------------------------------
ID RawValues(6) Attribute Name
01 000000000000 Critical Warning
02 00000000013B Composite Temperature
03 000000000064 Available Spare
04 00000000000A Available Spare Threshold
05 000000000002 Percentage Used
06 0000034FF6FA Data Units Read
07 0000029F8BFC Data Units Written
08 000019B1F732 Host Read Commands
09 00001210F97D Host Write Commands
0A 00000000030C Controller Busy Time
0B 0000000052AF Power Cycles
0C 0000000002B1 Power On Hours
0D 00000000021F Unsafe Shutdowns
0E 000000000000 Media and Data Integrity Errors
0F 000000000000 Number of Error Information Log Entries
10 000000000000 Warning Composite Temperature Time
11 000000000000 Critical Composite Temperature Time
12 000000000148 Temperature Sensor 1
13 00000000013B Temperature Sensor 2
1A 000000000000 Thermal Management Temperature 1 Transition Count
1B 000000000000 Thermal Management Temperature 2 Transition Count
1C 000000000000 Total Time For Thermal Management Temperature 1
1D 000000000000 Total Time For Thermal Management Temperature 2

-- IDENTIFY_DEVICE ---------------------------------------------------------
        0    1    2    3    4    5    6    7    8    9
000: 15B7 15B7 3232 3035 4235 3038 3531 3436 2020 2020
010: 2020 2020 4457 5020 2043 4E53 3437 2030 4453 5044
020: 514D 2D44 3135 4732 312D 3031 2031 2020 2020 2020
030: 2020 2020 3337 3131 3030 3130 4404 001B 0800 0000
040: 0400 0001 86A0 0001 A120 0007 0200 0000 0014 0000
050: 0000 0000 0000 0000 0000 0100 0000 0000 0000 0000
060: 0000 0000 0000 0000 0000 0000 0000 0000 0000 0000
070: 0000 0000 0000 0000 0000 0000 0000 0000 0000 0000
080: 0000 0000 0000 0000 0000 0000 0000 0000 0000 0000
090: 0000 0000 0000 0000 0000 0000 0000 0000 0000 0000
100: 0000 0000 0000 0000 0000 0000 0000 0000 0000 0000
110: 0000 0000 0000 0000 0000 0000 0000 0000 0000 0000
120: 0000 0000 0000 0000 0000 0000 0000 0000 0017 0704
130: 7E14 05FF 0101 0165 0169 0032 4000 0000 0337 0000
140: 6000 3C25 0077 0000 0000 0000 0000 0000 0000 0000
150: 0000 0000 0000 0000 0000 0000 0000 0000 003A 0101
160: 0000 0001 0111 0168 0002 6000 0000 0000 0008 0001
170: 0001 0000 0000 0000 0000 0000 0001 0000 0000 0000
180: 0000 0000 0000 0000 0000 0000 0000 0000 0000 0000
190: 0000 0000 0000 0000 0000 0000 0000 0000 0000 0000
200: 0000 0000 0000 0000 0000 0000 0000 0000 0000 0000
210: 0000 0000 0000 0000 0000 0000 0000 0000 0000 0000
220: 0000 0000 0000 0000 0000 0000 0000 0000 0000 0000
230: 0000 0000 0000 0000 0000 0000 0000 0000 0000 0000
240: 0000 0000 0000 0000 0000 0000 0000 0000 0000 0000
250: 0000 0000 0000 0000 0000 0000

-- SMART_NVME --------------------------------------------------------------
     +0 +1 +2 +3 +4 +5 +6 +7 +8 +9 +A +B +C +D +E +F
000: 00 3B 01 64 0A 02 00 00 00 00 00 00 00 00 00 00
010: 00 00 00 00 00 00 00 00 00 00 00 00 00 00 00 00
020: FA F6 4F 03 00 00 00 00 00 00 00 00 00 00 00 00
030: FC 8B 9F 02 00 00 00 00 00 00 00 00 00 00 00 00
040: 32 F7 B1 19 00 00 00 00 00 00 00 00 00 00 00 00
050: 7D F9 10 12 00 00 00 00 00 00 00 00 00 00 00 00
060: 0C 03 00 00 00 00 00 00 00 00 00 00 00 00 00 00
070: AF 52 00 00 00 00 00 00 00 00 00 00 00 00 00 00
080: B1 02 00 00 00 00 00 00 00 00 00 00 00 00 00 00
090: 1F 02 00 00 00 00 00 00 00 00 00 00 00 00 00 00
0A0: 00 00 00 00 00 00 00 00 00 00 00 00 00 00 00 00
0B0: 00 00 00 00 00 00 00 00 00 00 00 00 00 00 00 00
0C0: 00 00 00 00 00 00 00 00 48 01 3B 01 00 00 00 00
0D0: 00 00 00 00 00 00 00 00 00 00 00 00 00 00 00 00
0E0: 00 00 00 00 00 00 00 00 00 00 00 00 00 00 00 00
0F0: 00 00 00 00 00 00 00 00 00 00 00 00 00 00 00 00
100: 00 00 00 00 00 00 00 00 00 00 00 00 00 00 00 00
110: 00 00 00 00 00 00 00 00 00 00 00 00 00 00 00 00
120: 00 00 00 00 00 00 00 00 00 00 00 00 00 00 00 00
130: 00 00 00 00 00 00 00 00 00 00 00 00 00 00 00 00
140: 00 00 00 00 00 00 00 00 00 00 00 00 00 00 00 00
150: 00 00 00 00 00 00 00 00 00 00 00 00 00 00 00 00
160: 00 00 00 00 00 00 00 00 00 00 00 00 00 00 00 00
170: 00 00 00 00 00 00 00 00 00 00 00 00 00 00 00 00
180: 00 00 00 00 00 00 00 00 00 00 00 00 00 00 00 00
190: 00 00 00 00 00 00 00 00 00 00 00 00 00 00 00 00
1A0: 00 00 00 00 00 00 00 00 00 00 00 00 00 00 00 00
1B0: 00 00 00 00 00 00 00 00 00 00 00 00 00 00 00 00
1C0: 00 00 00 00 00 00 00 00 00 00 00 00 00 00 00 00
1D0: 00 00 00 00 00 00 00 00 00 00 00 00 00 00 00 00
1E0: 00 00 00 00 00 00 00 00 00 00 00 00 00 00 00 00
1F0: 00 00 00 00 00 00 00 00 00 00 00 00 00 00 00 00

